
$scale 1.0

// 34 hit boxes
$hbox 0 "Bone10" -4.070000 -6.008695 -6.400000  4.070000 6.665417 3.190000
$hbox 0 "Bone11" -3.750000 -4.781297 -5.920000  3.750000 0.000000 1.580000
$hbox 0 "Bone12" -2.420000 -3.345598 -2.910000  2.420000 0.000000 1.930000
$hbox 0 "Bone13" -1.830000 -3.242632 -1.380000  1.830000 0.000000 1.960000
$hbox 0 "Bone14" -0.900000 -3.220000 -0.860000  0.900000 0.000000 1.020000
$hbox 0 "Bone16" -5.310000 0.000000 -5.440000  5.310000 3.362733 0.240194
$hbox 0 "Bone22" -2.950000 0.000000 -2.400000  2.270000 12.110000 0.000000
$hbox 0 "Bone26" -1.920000 -0.240000 -0.850000  2.710000 13.120000 0.270000
$hbox 0 "Bone19" -2.710000 -0.240000 -0.850000  1.920000 13.120000 0.270000
$hbox 0 "Bone24" -2.270000 0.000000 -2.400000  2.950000 12.110000 0.000000
$hbox 0 "Bone27" -11.215849 -2.420000 -0.480000  0.000000 16.410000 3.090000
$hbox 0 "Bone28" -13.470000 -4.150000 -1.400000  0.270000 14.820000 2.350000
$hbox 0 "Bone42" -14.120000 -2.940000 -1.500000  0.000000 1.930000 0.340000
$hbox 0 "Bone44" -17.580000 -3.750000 -0.170000  0.000000 6.110000 1.860000
$hbox 0 "Bone30" -14.300000 -2.750000 0.000000  0.000000 5.580000 1.890000
$hbox 0 "Bone36" 0.000000 -2.420000 -0.480000  11.215999 16.410000 3.090000
$hbox 0 "Bone38" -13.670000 -14.790000 -1.400000  1.040000 3.440000 2.350000
$hbox 0 "Bone35" 0.000000 -2.940000 -1.500000  14.120000 1.930000 0.340000
$hbox 0 "Bone33" 0.000000 -3.750000 -0.170000  17.580000 6.110000 1.860000
$hbox 0 "Bone43" 0.000000 -2.750000 0.000000  14.300000 5.580000 1.890000
$hbox 0 "Bone49" -1.340000 -1.740000 -4.079669  1.540000 5.990000 0.000000
$hbox 0 "Bone50" -0.770000 -1.180000 -4.990000  0.760000 3.050000 0.000000
$hbox 0 "Bone51" -0.655503 -1.060658 -1.177852  0.643110 0.981473 0.000000
$hbox 0 "Bone53" -0.730000 -1.860000 -1.400000  0.730000 0.000000 0.000000
$hbox 0 "Bone56" -0.730000 -2.170000 -0.700000  0.730000 0.000000 0.630000
$hbox 0 "Bone45" -2.800000 -2.480000 -2.310000  0.000000 0.000000 0.230000
$hbox 0 "Bone48" 0.000000 -2.480000 -2.310000  2.810000 0.000000 0.230000
$hbox 0 "Bone02" -1.540000 -1.740000 -4.079669  1.340000 6.000000 0.000000
$hbox 0 "Bone03" -0.800000 -1.180000 -4.990000  0.740000 3.050000 0.000000
$hbox 0 "Bone04" -0.642780 -1.060658 -1.177708  0.655833 0.981474 0.000000
$hbox 0 "Bone05" -0.760000 -1.860000 -1.400000  0.700000 0.000000 0.000000
$hbox 0 "Bone08" -0.760000 -2.170000 -0.700000  0.700000 0.000000 0.630000
$hbox 0 "Bone59" -2.840000 -2.480000 -2.310000  0.000000 0.000000 0.230000
$hbox 0 "Bone58" 0.000000 -2.480000 -2.310000  2.770000 0.000000 0.230000

// 5 sequences
$sequence glide "glide" loop fps 32 ACT_IDLE 1 
$sequence glideflap "glideflap" loop fps 32 ACT_IDLE 2 
$sequence flapping "flapping" loop fps 32 ACT_IDLE 3 
$sequence falling "falling" fps 30 ACT_FALL 1 
$sequence dead "dead" fps 10 ACT_DIESIMPLE 1 
